000000 5
000001 5
000002 5
000003 5
000004 5
000005 8
000006 8
000007 8
000008 8
000009 8
000010 11
000011 11
000012 11
000013 11
000014 11
000015 26
000016 26
000017 26
000018 26
000019 26
000020 36
000021 36
000022 36
000023 36
000024 36
000025 40
000026 40
000027 40
000028 40
000029 40
000030 50
000031 50
000032 50
000033 50
000034 50
000035 52
000036 52
000037 52
000038 52
000039 52
000040 53
000041 53
000042 53
000043 53
000044 53
000045 65
000046 65
000047 65
000048 65
000049 65
000050 81
000051 81
000052 81
000053 81
000054 81
000055 98
000056 98
000057 98
000058 98
000059 98
000060 107
000061 107
000062 107
000063 107
000064 107
000065 117
000066 117
000067 117
000068 117
000069 117
000070 119
000071 119
000072 119
000073 119
000074 119
000075 130
000076 130
000077 130
000078 130
000079 130
000080 145
000081 145
000082 145
000083 145
000084 145
000085 148
000086 148
000087 148
000088 148
000089 148
000090 151
000091 151
000092 151
000093 151
000094 151
000095 157
000096 157
000097 157
000098 157
000099 157
000100 160
000101 160
000102 160
000103 160
000104 160
000105 282
000106 282
000107 282
000108 282
000109 282
000110 301
000111 301
000112 301
000113 301
000114 301
000115 323
000116 323
000117 323
000118 323
000119 323
000120 331
000121 331
000122 331
000123 331
000124 331
000125 334
000126 334
000127 334
000128 334
000129 334
000130 340
000131 340
000132 340
000133 340
000134 340
000135 348
000136 348
000137 348
000138 348
000139 348
000140 357
000141 357
000142 357
000143 357
000144 357
000145 366
000146 366
000147 366
000148 366
000149 366
000150 371
000151 371
000152 371
000153 371
000154 371
000155 390
000156 390
000157 390
000158 390
000159 390
000160 393
000161 393
000162 393
000163 393
000164 393
000165 395
000166 395
000167 395
000168 395
000169 395
000170 397
000171 397
000172 397
000173 397
000174 397
000175 401
000176 401
000177 401
000178 401
000179 401
000180 406
000181 406
000182 406
000183 406
000184 406
000185 407
000186 407
000187 407
000188 407
000189 407
000190 414
000191 414
000192 414
000193 414
000194 414
000195 416
000196 416
000197 416
000198 416
000199 416
000200 420
000201 420
000202 420
000203 420
000204 420
000205 422
000206 422
000207 422
000208 422
000209 422
000210 427
000211 427
000212 427
000213 427
000214 427
000215 430
000216 430
000217 430
000218 430
000219 430
000220 433
000221 433
000222 433
000223 433
000224 433
000225 444
000226 444
000227 444
000228 444
000229 444
000230 447
000231 447
000232 447
000233 447
000234 447
000235 454
000236 454
000237 454
000238 454
000239 454
000240 462
000241 462
000242 462
000243 462
000244 462
000245 478
000246 478
000247 478
000248 478
000249 478
000250 480
000251 480
000252 480
000253 480
000254 480
000255 482
000256 482
000257 482
000258 482
000259 482
000260 489
000261 489
000262 489
000263 489
000264 489
000265 500
000266 500
000267 500
000268 500
000269 500
000270 530
000271 530
000272 530
000273 530
000274 530
000275 536
000276 536
000277 536
000278 536
000279 536
000280 555
000281 555
000282 555
000283 555
000284 555
000285 568
000286 568
000287 568
000288 568
000289 568
000290 576
000291 576
000292 576
000293 576
000294 576
000295 586
000296 586
000297 586
000298 586
000299 586
000300 591
000301 591
000302 591
000303 591
000304 591
000305 606
000306 606
000307 606
000308 606
000309 606
000310 607
000311 607
000312 607
000313 607
000314 607
000315 627
000316 627
000317 627
000318 627
000319 627
000320 633
000321 633
000322 633
000323 633
000324 633
000325 634
000326 634
000327 634
000328 634
000329 634
000330 635
000331 635
000332 635
000333 635
000334 635
000335 646
000336 646
000337 646
000338 646
000339 646
000340 655
000341 655
000342 655
000343 655
000344 655
000345 680
000346 680
000347 680
000348 680
000349 680
000350 688
000351 688
000352 688
000353 688
000354 688
000355 731
000356 731
000357 731
000358 731
000359 731
000360 744
000361 744
000362 744
000363 744
000364 744
000365 747
000366 747
000367 747
000368 747
000369 747
000370 756
000371 756
000372 756
000373 756
000374 756
000375 757
000376 757
000377 757
000378 757
000379 757
000380 807
000381 807
000382 807
000383 807
000384 807
000385 811
000386 811
000387 811
000388 811
000389 811
000390 820
000391 820
000392 820
000393 820
000394 820
000395 837
000396 837
000397 837
000398 837
000399 837
000400 904
000401 904
000402 904
000403 904
000404 904
000405 918
000406 918
000407 918
000408 918
000409 918
000410 920
000411 920
000412 920
000413 920
000414 920
000415 921
000416 921
000417 921
000418 921
000419 921
000420 923
000421 923
000422 923
000423 923
000424 923
000425 929
000426 929
000427 929
000428 929
000429 929
000430 932
000431 932
000432 932
000433 932
000434 932
000435 944
000436 944
000437 944
000438 944
000439 944
000440 953
000441 953
000442 953
000443 953
000444 953
000445 961
000446 961
000447 961
000448 961
000449 961
000450 963
000451 963
000452 963
000453 963
000454 963
000455 969
000456 969
000457 969
000458 969
000459 969
000460 972
000461 972
000462 972
000463 972
000464 972
000465 973
000466 973
000467 973
000468 973
000469 973
000470 982
000471 982
000472 982
000473 982
000474 982
000475 983
000476 983
000477 983
000478 983
000479 983
000480 984
000481 984
000482 984
000483 984
000484 984
000485 986
000486 986
000487 986
000488 986
000489 986
000490 992
000491 992
000492 992
000493 992
000494 992
000495 1000
000496 1000
000497 1000
000498 1000
000499 1000
