000000 0
000001 0
000002 0
000003 0
000004 0
000005 1
000006 1
000007 1
000008 1
000009 1
000010 2
000011 2
000012 2
000013 2
000014 2
000015 3
000016 3
000017 3
000018 3
000019 3
000020 4
000021 4
000022 4
000023 4
000024 4
000025 5
000026 5
000027 5
000028 5
000029 5
000030 6
000031 6
000032 6
000033 6
000034 6
000035 7
000036 7
000037 7
000038 7
000039 7
000040 8
000041 8
000042 8
000043 8
000044 8
000045 9
000046 9
000047 9
000048 9
000049 9
000050 100
000051 100
000052 100
000053 100
000054 100
000055 101
000056 101
000057 101
000058 101
000059 101
000060 102
000061 102
000062 102
000063 102
000064 102
000065 103
000066 103
000067 103
000068 103
000069 103
000070 104
000071 104
000072 104
000073 104
000074 104
000075 105
000076 105
000077 105
000078 105
000079 105
000080 106
000081 106
000082 106
000083 106
000084 106
000085 107
000086 107
000087 107
000088 107
000089 107
000090 108
000091 108
000092 108
000093 108
000094 108
000095 109
000096 109
000097 109
000098 109
000099 109
000100 200
000101 200
000102 200
000103 200
000104 200
000105 201
000106 201
000107 201
000108 201
000109 201
000110 202
000111 202
000112 202
000113 202
000114 202
000115 203
000116 203
000117 203
000118 203
000119 203
000120 204
000121 204
000122 204
000123 204
000124 204
000125 205
000126 205
000127 205
000128 205
000129 205
000130 206
000131 206
000132 206
000133 206
000134 206
000135 207
000136 207
000137 207
000138 207
000139 207
000140 208
000141 208
000142 208
000143 208
000144 208
000145 209
000146 209
000147 209
000148 209
000149 209
000150 300
000151 300
000152 300
000153 300
000154 300
000155 301
000156 301
000157 301
000158 301
000159 301
000160 302
000161 302
000162 302
000163 302
000164 302
000165 303
000166 303
000167 303
000168 303
000169 303
000170 304
000171 304
000172 304
000173 304
000174 304
000175 305
000176 305
000177 305
000178 305
000179 305
000180 306
000181 306
000182 306
000183 306
000184 306
000185 307
000186 307
000187 307
000188 307
000189 307
000190 308
000191 308
000192 308
000193 308
000194 308
000195 309
000196 309
000197 309
000198 309
000199 309
000200 400
000201 400
000202 400
000203 400
000204 400
000205 401
000206 401
000207 401
000208 401
000209 401
000210 402
000211 402
000212 402
000213 402
000214 402
000215 403
000216 403
000217 403
000218 403
000219 403
000220 404
000221 404
000222 404
000223 404
000224 404
000225 405
000226 405
000227 405
000228 405
000229 405
000230 406
000231 406
000232 406
000233 406
000234 406
000235 407
000236 407
000237 407
000238 407
000239 407
000240 408
000241 408
000242 408
000243 408
000244 408
000245 409
000246 409
000247 409
000248 409
000249 409
000250 500
000251 500
000252 500
000253 500
000254 500
000255 501
000256 501
000257 501
000258 501
000259 501
000260 502
000261 502
000262 502
000263 502
000264 502
000265 503
000266 503
000267 503
000268 503
000269 503
000270 504
000271 504
000272 504
000273 504
000274 504
000275 505
000276 505
000277 505
000278 505
000279 505
000280 506
000281 506
000282 506
000283 506
000284 506
000285 507
000286 507
000287 507
000288 507
000289 507
000290 508
000291 508
000292 508
000293 508
000294 508
000295 509
000296 509
000297 509
000298 509
000299 509
000300 600
000301 600
000302 600
000303 600
000304 600
000305 601
000306 601
000307 601
000308 601
000309 601
000310 602
000311 602
000312 602
000313 602
000314 602
000315 603
000316 603
000317 603
000318 603
000319 603
000320 604
000321 604
000322 604
000323 604
000324 604
000325 605
000326 605
000327 605
000328 605
000329 605
000330 606
000331 606
000332 606
000333 606
000334 606
000335 607
000336 607
000337 607
000338 607
000339 607
000340 608
000341 608
000342 608
000343 608
000344 608
000345 609
000346 609
000347 609
000348 609
000349 609
000350 700
000351 700
000352 700
000353 700
000354 700
000355 701
000356 701
000357 701
000358 701
000359 701
000360 702
000361 702
000362 702
000363 702
000364 702
000365 703
000366 703
000367 703
000368 703
000369 703
000370 704
000371 704
000372 704
000373 704
000374 704
000375 705
000376 705
000377 705
000378 705
000379 705
000380 706
000381 706
000382 706
000383 706
000384 706
000385 707
000386 707
000387 707
000388 707
000389 707
000390 708
000391 708
000392 708
000393 708
000394 708
000395 709
000396 709
000397 709
000398 709
000399 709
000400 800
000401 800
000402 800
000403 800
000404 800
000405 801
000406 801
000407 801
000408 801
000409 801
000410 802
000411 802
000412 802
000413 802
000414 802
000415 803
000416 803
000417 803
000418 803
000419 803
000420 804
000421 804
000422 804
000423 804
000424 804
000425 805
000426 805
000427 805
000428 805
000429 805
000430 806
000431 806
000432 806
000433 806
000434 806
000435 807
000436 807
000437 807
000438 807
000439 807
000440 808
000441 808
000442 808
000443 808
000444 808
000445 809
000446 809
000447 809
000448 809
000449 809
000450 900
000451 900
000452 900
000453 900
000454 900
000455 901
000456 901
000457 901
000458 901
000459 901
000460 902
000461 902
000462 902
000463 902
000464 902
000465 903
000466 903
000467 903
000468 903
000469 903
000470 904
000471 904
000472 904
000473 904
000474 904
000475 905
000476 905
000477 905
000478 905
000479 905
000480 906
000481 906
000482 906
000483 906
000484 906
000485 907
000486 907
000487 907
000488 907
000489 907
000490 908
000491 908
000492 908
000493 908
000494 908
000495 909
000496 909
000497 909
000498 909
000499 909
